0
0
0
0
0
0
0
0
0
0
0
0
0
0
0
0
0
0
0
0
0
0
0
0
0
0
0
0
0
0
0
0
0
0
1
0
0
0
0
1
0
0
0
1
0
0
0
0
1
0
0
1
0
1
0
0
1
0
1
0
0
0
1
0
1
0
1
0
1
1
0
1
1
1
0
1
1
2
1
1
1
2
1
1
1
2
2
2
2
2
1
2
2
2
2
1
2
2
2
2
2
2
2
2
2
3
3
3
2
3
2
3
3
2
3
3
4
4
3
2
3
4
4
3
4
4
7
3
5
4
4
4
5
4
5
5
5
5
8
5
6
6
8
6
7
7
7
6
8
7
7
8
8
8
9
8
9
9
10
11
9
11
10
11
10
11
11
12
11
13
12
12
13
14
15
14
14
15
19
15
14
16
15
19
18
17
16
16
16
19
26
19
18
22
20
22
21
22
20
22
22
25
23
27
25
26
28
27
24
32
26
28
26
29
28
30
31
31
29
32
31
33
39
35
33
35
36
35
34
36
35
42
39
43
39
42
41
45
45
48
42
44
44
52
46
47
61
66
49
52
53
51
51
55
68
55
52
55
57
56
59
59
60
62
63
85
64
65
67
67
69
72
68
70
74
73
73
72
77
82
79
76
75
79
78
80
84
85
82
86
83
86
87
88
92
97
93
95
92
94
97
97
100
97
103
102
103
105
108
109
109
109
113
111
119
112
119
122
119
125
125
124
125
126
125
125
134
127
134
130
138
133
133
165
130
142
142
147
141
143
136
141
154
148
150
153
159
150
164
152
157
163
164
162
168
167
166
176
175
178
180
176
176
173
171
182
228
179
190
193
185
194
192
201
193
197
197
201
206
203
207
213
203
215
215
217
219
221
211
222
229
222
240
232
281
231
227
232
235
240
241
250
244
255
256
255
252
314
260
260
265
259
265
366
257
275
273
273
275
287
282
273
283
282
284
290
293
283
296
301
354
306
305
309
313
321
321
314
319
326
328
342
330
334
341
338
537
342
345
345
348
557
354
363
358
359
649
359
367
374
376
454
364
382
385
392
388
396
393
387
554
415
396
407
413
416
410
423
420
561
434
453
479
867
439
447
464
749
453
458
453
719
471
467
467
775
478
476
485
821
491
494
482
662
504
508
514
516
510
500
950
544
531
570
807
593
615
626
627
661
646
1062
690
699
716
754
749
767
1092
807
810
1353
859
892
864
903
931
970
